2486
2309
2442
2721
2555
2447
2406
2384
2618
2285
2491
2491
2586
2827
2300
2554
2611
2489
2839
2842
2580
2403
2454
2529
2917
2393
2580
2408
2596
2571
2751
2557
2377
2440
2416
2417
2497
2412
2765
2436
2682
2545
2493
2247
2584
2878
2753
2676
2539
2620
2637
2498
2575
2634
2368
2305
2608
2721
2630
2436
2539
2538
2518
2500
2693
2716
2650
2423
2890
2728
2399
2908
2362
3110
2598
2714
2805
2272
2581
2893
2646
2457
2660
2629
2514
2686
2577
2211
2376
2327
2672
2379
2337
2611
2514
2791
2757
2844
2367
2049
2521
2111
2422
2864
2720
2237
2482
2498
2523
2458
2243
2872
2735
2504
2415
2264
2565
2304
2751
2901
2339
2446
2332
2498
2784
2565
2574
2328
2647
2706
2747
2432
2378
2478
2391
2471
2327
2199
2517
2504
2590
2594
2605
2307
2543
2697
2834
2747
2613
2496
2817
2448
2484
2775
2513
2410
2777
2789
2738
2301
2566
2453
2583
2450
2612
2693
2446
2276
2867
2740
2502
3019
2315
2831
2794
2746
2637
2235
2744
2968
2508
2643
2560
2664
2657
2616
2595
2299
2775
2274
2475
2421
2548
2553
2681
2711
2645
2510
2336
2177
2429
2065
2351
2437
2550
2363
2429
2326
2531
2319
2321
2454
2258
2490
2482
1996
2321
2365
2494
2419
2125
2375
2400
2556
2295
2271
2452
2148
2397
2495
2444
2230
2450
2546
2291
2198
2263
2235
2385
2153
2505
2281
2438
2300
2445
2601
2435
2338
2382
2392
2654
2445
2657
2445
2296
2246
2325
2567
2328
2160
2446
2092
2154
2272
2564
2391
2158
2245
2545
2633
2200
2671
2350
2558
2393
2392
2442
1952
2493
2620
2370
2513
2512
2662
2137
2714
2273
2093
2299
2123
2532
2269
2440
2373
2559
2222
2350
2669
2388
1986
2364
1965
2014
2339
2272
1984
2247
2264
2356
2009
2111
2169
2247
2349
2277
2030
2158
1961
2236
2353
2152
2088
2073
2389
2315
2148
2240
1950
2226
2375
2332
1964
2040
2095
2221
1985
1956
2024
2179
2104
2184
2254
2311
2064
2098
2417
2416
2177
2497
2198
2420
2085
2217
2265
2180
2060
2201
2253
2382
2040
2065
1948
2185
2159
2512
2412
2187
2139
2288
2297
2102
2615
1975
2399
2206
2180
2314
1853
2284
2419
2291
2188
2111
2276
2288
2069
2068
1915
2228
1857
2341
2112
2127
2343
2246
2345
2389
2232
2152
1874
2783
2446
2459
2796
2959
2512
2641
2829
2790
2621
2564
2596
2696
2698
2509
2507
2522
2738
2740
2772
2641
2347
2616
2505
2633
2558
2515
2656
2865
2768
2793
2522
2514
2771
2695
2671
2672
2428
2822
2624
2638
2658
2843
2496
2690
3074
2756
2490
2806
2735
2984
2553
2651
2826
2429
2574
2941
3016
2921
2595
2714
2424
2526
2595
2908
2971
2694
2263
2885
2673
2486
3031
2554
3107
2581
2614
2830
2311
2637
2933
2728
2758
2739
2942
2673
2882
2850
2388
2552
2109
2573
2407
2617
2637
2761
2782
2732
2883
2587
2464
2468
2161
2384
2400
2520
2700
2468
2420
2571
2394
2374
2344
2322
2505
2390
2308
2523
2252
2518
2720
2205
2427
2443
2257
2422
2359
2582
2242
2575
2631
2558
2392
2306
2405
2263
2463
2118
2188
2623
2327
2406
2430
2435
2225
2470
2635
2668
2566
2418
2327
2657
2336
2545
2361
2344
2201
2449
2747
2428
2152
2405
2357
2356
2225
2496
2506
2413
2177
2691
2603
2356
2868
2283
2905
2570
2667
2597
2161
2566
2833
2135
2515
2661
2613
2221
2480
2357
2029
2408
2197
2589
2243
2552
2365
2668
2522
2428
2792
2343
2103
2453
2357
2226
2454
2580
2289
2498
2327
2771
2365
2516
2473
2375
2486
2529
2315
2462
2467
2679
2645
2232
2369
2516
2295
2469
2331
2382
2447
2603
2477
2723
2492
2265
2447
2480
2512
2452
2290
2654
2322
2435
2355
2690
2145
2502
2626
2606
2389
2589
2397
2627
2323
2459
2391
2363
2321
2789
2689
2577
2485
2452
2338
2372
2310
2599
2469
2421
2266
2687
2537
2454
2809
2310
2894
2590
2706
2454
2052
2334
2783
2413
2368
2416
2694
2424
2476
2450
1939
2273
2375
2561
2285
2377
2524
2650
2656
2734
2757
2425
2155
2317
1987
2111
2320
2089
2216
2241
2284
2499
2157
2120
2120
2230
2363
2195
2036
2203
2095
2232
2571
2120
2117
2197
2296
2261
2132
2212
2220
2270
2483
2274
2127
2216
2247
2069
2173
2042
1919
2406
2209
2324
2258
2221
2093
2075
2280
2439
2138
2303
1918
2362
2223
2313
2278
2040
2133
2404
2615
2278
2059
2082
2062
2268
2214
2335
2317
2351
1925
2269
2222
2131
2504
1966
2664
2346
2440
2374
2026
2298
2621
2046
2394
2671
2394
2231
2309
2132
2037
2153
1826
2282
2128
2369
2347
2237
2426
2229
2466
2231
2027
2305
2024
2418
2540
2435
2163
2402
2469
2719
2424
1993
2380
2442
2573
2436
2443
2425
2407
2473
2721
2257
2333
2352
2522
2739
2399
2391
2428
2649
2612
2378
2155
2393
2300
2397
2293
2241
2241
2489
2293
2430
2476
2548
2229
2400
2527
2804
2608
2576
2218
2787
2409
2413
2503
2333
2272
2729
2788
2575
2348
2401
2417
2558
2275
2619
2420
2446
2288
2714
2692
2368
2929
2212
2833
2530
2633
2591
2250
2480
2799
2521
2720
2275
2496
2471
2561
2352
2050
2417
2234
2449
2025
2335
2508
2489
2790
2482
2645
2258
2173
2728
2312
2505
2779
2771
2486
2383
2542
2962
2481
2730
2678
2661
2767
2801
2695
2740
2728
2895
3047
2525
2556
2825
2613
2867
2672
2721
2571
2740
2907
2692
2528
2684
2866
2736
2480
2586
2434
2803
2632
2708
2788
2750
2322
2575
2808
2773
2628
2764
2798
2784
2747
2810
2564
2382
2691
2850
2868
2749
2369
2911
2519
2588
2519
3005
2718
2747
2310
2838
2739
2461
3047
2491
3107
2772
2966
2773
2417
2713
2848
2536
2747
2780
2893
2483
2887
2719
2511
2562
2193
2631
2576
2591
2862
2756
2815
2665
2744
2668
2494
2473
2230
2430
2782
2660
2354
2719
2509
2726
2596
2339
2674
2498
2714
2371
2364
2417
2345
2693
2853
2503
2380
2544
2582
2577
2438
2625
2307
2597
2669
2807
2472
2294
2566
2385
2478
2519
2227
2488
2385
2453
2467
2635
2570
2564
2897
2750
2772
2721
2640
2801
2486
2477
2604
2506
2502
2736
2793
2673
2491
2498
2357
2601
2347
2855
2427
2429
2385
2743
2824
2446
2945
2301
2943
2548
2803
2660
2161
2722
2722
2480
2608
2600
2763
2670
2756
2632
2275
2342
2148
2515
2573
2574
2594
2664
2767
2789
2643
2295
2145
2928
2436
2572
2769
2836
2550
2686
2842
2848
2746
2518
2739
2954
3007
2734
2617
2687
2703
2941
2913
2646
2743
2756
2568
3001
2719
2675
2639
2916
2815
2925
2689
2500
2665
2589
2674
2839
2330
3025
2794
2742
2797
2802
2477
2736
3024
2958
2721
2743
2654
3008
2612
2872
2740
2571
2660
2970
3080
3008
2688
2640
2685
2773
2605
3051
2814
2734
2630
2872
3007
2505
3250
2525
3185
2760
3071
2882
2505
2855
2987
2874
2892
2765
3021
2757
2730
2821
2327
2716
2371
2656
2368
2923
2989
2787
3145
2779
2918
2609
2531
2313
2002
2116
2288
2444
2174
2188
2472
2496
2396
2233
2260
2347
2562
2238
2166
2346
2241
2320
2568
1939
2201
2276
2291
2459
2218
2336
2173
2308
2386
2553
2432
2167
2144
2094
2266
2121
2038
2554
2245
2443
2324
2321
2192
2315
2495
2481
2300
2420
2305
2531
2154
2294
2467
2217
1908
2510
2360
2261
1921
2271
2230
2168
2103
2465
2495
2365
1994
2501
2400
2315
2672
2165
2544
2281
2296
2500
1853
2389
2432
2104
2430
2225
2529
2339
2359
2271
2096
2274
2085
2211
2119
2171
2150
2377
2418
2498
2252
2253
1970
2749
2264
2347
2806
2835
2513
2818
2834
2903
2581
2487
2765
2666
2643
2560
2696
2659
2541
2892
2764
2420
2481
2643
2616
2975
2581
2829
2510
2729
2526
2701
2584
2613
2690
2452
2526
2381
2329
2851
2543
2795
2662
2796
2491
2719
2864
2865
2796
2801
2641
2916
2525
2583
2735
2570
2450
2821
2895
2662
2615
2801
2463
2470
2470
2777
2695
2586
2623
2831
2733
2531
2977
2372
3083
2513
2912
2826
2438
2646
2907
2604
2900
2782
2914
2456
2677
2760
2401
2632
2231
2623
2653
2709
2651
2753
2730
2694
2820
2438
2363
2444
2284
2294
2497
2616
2155
2390
2207
2651
2270
2296
2313
2440
2352
2209
2093
2392
2270
2556
2657
2345
2313
2232
2333
2599
2384
2298
2231
2626
2300
2482
2282
2248
2395
2342
2329
2116
2191
2458
2202
2378
2308
2347
2144
2310
2721
2623
2347
2530
2245
2486
2343
2465
2374
2350
2139
2568
2602
2375
2319
2319
2356
2308
2369
2492
2488
2247
2149
2713
2406
2328
2815
2168
2616
2237
2468
2427
2094
2334
2612
2221
2412
2310
2502
2274
2360
2459
2113
2316
2001
2339
2065
2348
2502
2560
2562
2473
2565
2289
2159
2480
2258
2537
2599
2625
2566
2598
2485
2783
2459
2440
2732
2512
2895
2506
2478
2690
2495
2723
2772
2510
2409
2521
2516
2828
2480
2743
2358
2815
2762
2631
2654
2624
2444
2490
2586
2363
2290
2738
2497
2836
2530
2629
2471
2525
2718
2804
2929
2686
2439
2786
2440
2627
2529
2469
2430
2760
2908
2594
2440
2734
2561
2542
2572
2634
2621
2487
2424
2693
2718
2351
2886
2518
3016
2498
2925
2738
2141
2740
2838
2600
2725
2544
2732
2550
2628
2748
2266
2605
2220
2609
2621
2541
2490
2850
2828
2772
3010
2472
2210
2651
2235
2458
2542
2487
2518
2336
2588
2622
2382
2465
2526
2671
2519
2383
2438
2627
2404
2496
2829
2364
2443
2215
2366
2769
2396
2372
2294
2714
2592
2562
2402
2435
2435
2420
2388
2358
2105
2584
2254
2372
2517
2411
2330
2362
2885
2770
2535
2683
2438
2464
2375
2630
2474
2213
2195
2451
2681
2346
2341
2322
2490
2488
2505
2618
2485
2483
2140
2764
2575
2485
2640
2303
2823
2481
2699
2398
1976
2603
2643
2270
2558
2540
2638
2448
2491
2300
2123
2391
2208
2501
2190
2518
2621
2790
2828
2452
2821
2397
2309
2638
2153
2394
2557
2869
2484
2403
2466
2663
2560
2448
2750
2589
2469
2553
2387
2382
2436
2607
2701
2541
2412
2706
2512
2665
2453
2581
2327
2561
2720
2619
2507
2402
2676
2346
2555
2395
2368
2743
2453
2645
2413
2676
2329
2524
2754
2687
2545
2888
2516
2701
2517
2585
2658
2404
2538
2590
2645
2494
2381
2555
2532
2478
2440
2639
2550
2625
2456
2605
2571
2249
2860
2097
3039
2712
2822
2740
2222
2683
2779
2607
2511
2602
2799
2521
2496
2439
2283
2342
2180
2580
2449
2647
2598
2489
2478
2631
2715
2475
2283
2791
2187
2325
2571
2640
2345
2442
2548
2931
2283
2526
2417
2506
2708
2421
2586
2680
2373
2669
2730
2408
2445
2478
2572
2984
2469
2558
2242
2577
2659
2590
2666
2570
2378
2280
2236
2271
2414
2435
2465
2532
2555
2623
2277
2347
2724
2728
2389
2621
2568
2687
2437
2471
2514
2411
2433
2496
2649
2621
2410
2752
2335
2249
2494
2811
2627
2624
2362
2812
2514
2290
2831
2393
3047
2471
2730
2658
2212
2536
2642
2576
2412
2473
2618
2534
2294
2517
2292
2605
2200
2639
2332
2469
2606
2607
2607
2569
2621
2421
2189
2521
2329
2360
2786
2490
2296
2362
2443
2626
2482
2208
2562
2546
2590
2421
2216
2504
2357
2437
2573
2562
2400
2477
2269
2536
2339
2438
2239
2571
2581
2324
2248
2332
2514
2413
2381
2373
2249
2684
2341
2598
2481
2486
2358
2388
2729
2712
2633
2722
2321
2645
2593
2654
2616
2337
2204
2747
2706
2552
2287
2525
2351
2452
2508
2638
2407
2604
2100
2701
2660
2315
2867
2264
3008
2511
2475
2555
1887
2673
2667
2473
2841
2692
2689
2271
2466
2443
2157
2300
2060
2427
2371
2543
2436
2654
2487
2564
2642
2510
2134
1988
1717
2046
2053
2226
2036
2045
2087
2057
2179
2005
2255
2039
2049
2032
2027
2056
2060
2250
2311
1804
2166
2148
1973
2208
2042
2088
1900
2227
2163
2232
2123
2002
1935
1924
1916
1784
1896
2223
1925
2045
2051
2318
1873
2009
2279
2263
2326
2131
2230
1996
2042
2107
2168
1993
1873
2012
2101
2087
1782
1864
1962
1975
1921
2090
1929
2031
1980
2139
2439
2102
2317
1939
2485
2020
2245
2231
1665
2253
2295
2086
2160
2123
2228
1853
2094
2028
1679
2004
1840
2070
2228
1794
2063
2129
2192
2076
2188
1971
1800
2511
2088
2292
2430
2500
2126
2321
2492
2705
2306
2160
2425
2292
2784
2197
2370
2388
2434
2602
2607
2214
2295
2333
2302
2447
2304
2410
2289
2601
2638
2527
2361
2361
2327
2014
2378
2346
2138
2478
2438
2428
2375
2474
2245
2436
2576
2542
2440
2396
2414
2560
2383
2283
2383
2215
2276
2623
2599
2540
2178
2339
2300
2211
2303
2734
2442
2241
2132
2569
2439
2276
2601
2033
2799
2350
2497
2550
2068
2445
2623
2141
2302
2410
2652
2498
2540
2490
2220
2245
1948
2267
2341
2504
2457
2351
2484
2503
2557
2172
2118
2186
2078
2371
2387
2339
2308
2249
2379
2482
2133
2053
2503
2302
2387
2312
2246
2467
2045
2379
2349
1899
2106
2254
2315
2448
2275
2471
2283
2418
2310
2430
2293
2336
2252
2292
2225
2102
2215
2338
2191
2458
2330
2605
2055
2195
2358
2527
2475
2568
2390
2409
2273
2307
2457
2349
2045
2262
2614
2290
2211
2258
2242
2060
2133
2486
2221
2212
2248
2499
2423
2021
2436
2074
2864
2333
2396
2514
1957
2291
2664
2365
2267
2477
2576
2288
2030
2256
1986
2259
1963
2487
2327
2350
2399
2556
2607
2290
2544
2080
2180
2281
1929
2178
2467
2360
1983
2161
2370
2374
2058
2087
2368
2225
2361
2314
1991
2161
2118
2434
2511
2085
2140
2243
2185
2351
2051
2287
2211
2145
2394
2317
2122
2070
2250
2072
2242
2037
2090
2294
2218
2441
2345
2290
2081
2059
2512
2657
2186
2403
2244
2497
2179
2243
2373
2139
2274
2370
2396
2420
2277
2307
2153
2191
1989
2597
2365
2300
2108
2378
2484
2195
2622
2155
2690
2255
2502
2464
2079
2349
2473
2233
2425
2361
2346
2308
2357
2118
1967
2270
1975
2446
2126
2265
2253
2256
2335
2401
2220
2171
1983
2599
2180
2384
2555
2591
2229
2527
2331
2710
2240
2601
2541
2393
2667
2605
2312
2513
2468
2607
2859
2311
2247
2538
2180
2656
2183
2515
2316
2542
2525
2576
2440
2482
2675
2452
2523
2458
2241
2814
2252
2590
2604
2606
2365
2200
2683
2742
2334
2632
2362
2644
2358
2493
2604
2363
2477
2811
2763
2650
2306
2453
2377
2222
2638
2833
2649
2545
2126
2631
2592
2483
2925
2254
2805
2513
2805
2683
2046
2514
2721
2324
2501
2559
2801
2385
2645
2498
2077
2400
2199
2520
2363
2496
2641
2538
2572
2740
2518
2378
2230
2600
2055
2339
2748
2697
2321
2518
2333
2530
2229
2212
2548
2657
2661
2386
2359
2504
2332
2642
2640
2232
2203
2372
2326
2549
2378
2555
2047
2643
2640
2547
2261
2318
2470
2443
2357
2386
2176
2583
2373
2446
2626
2427
2305
2458
2853
2655
2413
2637
2476
2731
2230
2624
2624
2345
2399
2621
2753
2515
2298
2485
2296
2540
2479
2673
2536
2313
2355
2580
2512
2309
2810
2291
2852
2653
2701
2571
2156
2585
2767
2545
2565
2627
2609
2589
2528
2468
2252
2491
2079
2454
2344
2360
2407
2687
2536
2577
2687
2480
2152
2281
2142
1985
2374
2360
2122
2452
2377
2581
2039
2178
2344
2446
2478
2242
2320
2329
2467
2338
2598
2356
2311
2197
2298
2601
2290
2333
2470
2580
2406
2311
2197
2172
2316
2344
2195
2402
2107
2475
2097
2357
2450
2372
2283
2335
2646
2384
2266
2430
2327
2533
2225
2394
2340
2076
2093
2461
2503
2386
2245
2265
2315
2268
2506
2585
2524
2281
2117
2491
2607
2605
2506
2248
2698
2251
2560
2429
1938
2398
2557
2287
2317
2411
2552
2255
2513
2542
1996
2226
1948
2438
2306
2485
2407
2432
2566
2484
2602
2104
2146
2750
2297
2498
2678
2759
2439
2482
2577
2602
2458
2326
2487
2539
2578
2372
2316
2374
2267
2687
2805
2351
2241
2312
2286
2810
2436
2715
2493
2687
2687
2748
2354
2190
2536
2289
2636
2327
2291
2642
2477
2460
2450
2539
2477
2498
2997
2755
2509
2673
2398
2786
2367
2451
2569
2445
2428
2812
2734
2633
2439
2460
2337
2510
2491
2745
2636
2427
2374
2751
2756
2507
3016
2362
2892
2424
2876
2818
2351
2408
2747
2456
2597
2718
2607
2534
2527
2720
2016
2666
2122
2648
2331
2692
2542
2596
2521
2612
2649
2327
2217
2828
2597
2679
2792
2883
2575
2748
2939
3283
2678
2501
2781
2688
2812
2923
2736
2883
2841
2776
3031
2671
2794
2666
2682
2934
2634
2776
2935
3125
2897
2857
2645
2783
2829
2565
2630
2662
2468
2885
2578
2762
2997
2766
2773
2645
3367
3103
2668
3017
2821
3113
2747
2936
2773
2684
2597
2876
2935
2894
2691
2691
2753
2810
2717
3074
2793
2609
2685
3034
2821
2724
3271
2549
3078
2805
3187
2812
2306
2789
2999
2585
2982
2886
3089
2841
2872
2708
2208
2760
2503
2891
2614
2788
2866
2987
3065
2969
3125
2635
2590
2663
2150
2339
2708
2574
2374
2462
2451
2667
2327
2357
2578
2550
2831
2339
2378
2505
2558
2812
2825
2358
2309
2385
2350
2798
2453
2440
2337
2566
2622
2765
2533
2248
2385
2360
2595
2481
2285
2709
2461
2473
2348
2607
2395
2426
2794
2684
2422
2621
2344
2425
2384
2593
2612
2387
2319
2777
2727
2673
2252
2431
2308
2473
2382
2868
2740
2471
2361
2617
2651
2462
2904
2318
3033
2564
2654
2789
2121
2532
2866
2467
2571
2655
2664
2482
2437
2602
2129
2362
2078
2645
2362
2393
2732
2542
2473
2697
2571
2516
2107
2787
2179
2564
2423
2415
2551
2638
2463
2871
2579
2412
2849
2583
2841
2766
2420
2598
2452
2855
2693
2305
2443
2504
2610
2570
2647
2728
2409
2620
2797
2462
2576
2419
2654
2270
2500
2373
2208
2760
2504
2796
2532
2583
2452
2647
2670
2671
2816
2691
2532
2830
2460
2536
2413
2392
2426
2630
2941
2558
2433
2440
2430
2520
2349
2775
2447
2491
2477
2743
2860
2396
2891
2457
3006
2476
2635
2560
2132
2644
2787
2439
2773
2517
2603
2538
2783
2640
2226
2485
2040
2661
2668
2510
2629
2777
2895
2605
2873
2293
2301
2837
2354
2508
3109
2901
2697
2817
2604
2883
2694
2410
2709
2630
3034
2647
2633
2795
2692
2846
3143
2602
2713
2828
2819
2933
2806
2735
2772
2991
2905
2868
2531
2791
3028
2740
2594
2800
2577
2845
2493
2660
2616
2834
2574
2783
3030
2918
2678
2723
2937
2835
2788
2813
2782
2649
2699
2895
3037
3009
2504
2705
2584
2666
2544
2980
2878
2695
2501
3033
3051
2683
3347
2699
3246
2731
2841
3034
2500
2768
3100
2739
2869
2973
2995
2538
2868
2787
2453
2668
2294
2889
2584
2799
2968
2840
2878
2715
2832
2755
2415
2637
2288
2319
2775
2705
2456
2755
2586
2931
2607
2368
2724
2474
2656
2471
2319
2581
2652
2722
2856
2319
2396
2456
2502
2720
2596
2632
2560
2829
2692
2602
2564
2476
2662
2523
2569
2457
2317
2452
2493
2711
2457
2753
2315
2393
2701
2931
2450
2956
2505
2813
2327
2526
2691
2445
2597
2857
2900
2643
2493
2472
2509
2484
2441
2767
2695
2536
2213
2955
2568
2468
3079
2278
3137
2520
2725
2800
2098
2463
3013
2542
2815
2526
2839
2571
2627
2574
2289
2325
2192
2638
2468
2577
2644
2667
2888
2749
2801
2612
2343
2406
1949
2335
2395
2445
2257
2426
2205
2466
2265
2204
2328
2385
2523
2324
2277
2535
2254
2534
2567
2145
2349
2403
2317
2507
2296
2536
2240
2655
2394
2422
2162
2199
2270
2292
2315
2337
2320
2545
2182
2308
2480
2589
2191
2441
2423
2557
2515
2527
2424
2672
2133
2501
2469
2207
2065
2475
2623
2399
2100
2309
2293
2170
2198
2459
2298
2148
2167
2446
2486
2285
2734
2207
2856
2584
2488
2617
1992
2502
2701
2354
2409
2270
2537
2172
2334
2357
2118
2373
2153
2520
2205
2288
2369
2412
2454
2550
2702
2249
2031
2443
1979
2263
2438
2371
2232
2286
2319
2541
2324
2214
2291
2383
2480
2427
2235
2594
2163
2402
2480
2072
2090
2426
2328
2479
2407
2354
2080
2411
2207
2338
2135
2331
2466
2156
2207
2400
2028
2449
2168
2256
2452
2438
2184
2312
2526
2545
2322
2423
2650
2668
2394
2317
2308
2315
2153
2476
2467
2438
2051
2384
2168
2138
2257
2512
2249
2291
2022
2549
2230
2278
2710
2021
2597
2488
2475
2446
1831
2269
2651
2203
2277
2360
2680
2340
2412
2199
2017
2227
2179
2296
2275
2432
2380
2367
2527
2334
2530
2253
2016
2009
1847
2170
2179
2284
2153
2166
2144
2235
2112
2230
2272
2119
2560
2116
2003
2282
2087
2149
2398
1960
2036
2238
2099
2414
2073
2212
2080
2405
2405
2199
2386
2071
2150
2146
2123
2189
2024
2492
2105
2184
2245
2297
1995
2110
2330
2480
2193
2185
2204
2254
2097
2111
2169
2042
1868
2549
2419
2239
2059
2171
2044
1950
1943
2349
2302
2143
1889
2220
2285
2082
2420
2049
2416
1979
2380
2282
1768
2190
2405
2285
2263
2237
2309
2090
2082
2329
2006
2140
1859
2128
2129
2163
2344
2508
2232
2339
2277
2119
1816
2453
2181
2312
2396
2404
2268
2434
2327
2702
2316
2311
2568
2275
2750
2441
2337
2521
2455
2595
2493
2305
2417
2357
2287
2620
2300
2647
2296
2568
2777
2515
2449
2222
2405
2201
2171
2285
2081
2558
2471
2387
2549
2413
2163
2455
2591
2740
2476
2699
2328
2572
2429
2431
2441
2299
2448
2526
2579
2376
2172
2373
2304
2441
2353
2669
2303
2258
2220
2271
2619
2258
2592
2263
2869
2539
2743
2575
2095
2538
2605
2261
2524
2624
2661
2438
2396
2368
2289
2237
2026
2327
2350
2227
2443
2553
2515
2469
2589
2475
2212
2496
2296
2410
2561
2553
2531
2606
2377
2682
2483
2361
2809
2644
2774
2548
2398
2389
2523
2719
2725
2370
2523
2499
2559
2744
2475
2522
2307
2703
2726
2645
2514
2498
2525
2381
2377
2371
2310
2833
2366
2350
2527
2699
2247
2395
2794
2705
2567
2622
2660
2581
2368
2538
2475
2492
2362
2652
2782
2602
2295
2277
2436
2472
2422
2934
2551
2440
2333
2661
2664
2480
2908
2171
3020
2470
2674
2775
2104
2595
2859
2597
2629
2524
2612
2339
2579
2568
2108
2261
2158
2495
2414
2600
2850
2613
2755
2495
2828
2544
2316
2761
2363
2832
2799
2840
2787
2889
2833
2946
2759
2655
2851
2760
3005
2690
2405
2927
2536
2978
2943
2552
2517
2654
2720
2926
2698
2877
2503
2746
2952
2829
2707
2616
2921
2573
2688
2704
2503
2894
2662
2691
2648
2955
2559
2700
3009
3043
2886
2905
2621
2931
2575
2849
2909
2701
2546
2845
3205
2949
2726
2877
2710
2715
2547
3082
2692
2793
2605
3102
3060
2676
3206
2563
3298
2803
3046
2868
2375
2718
3003
2798
2770
2781
3118
2644
2876
2659
2327
2748
2469
2941
2547
2898
2889
3014
3038
2841
2897
2710
2422
2524
2412
2368
2837
2631
2510
2856
2527
2860
2727
2498
2776
2623
2839
2606
2336
2687
2537
3035
2863
2372
2478
2475
2688
2904
2524
2854
2461
2718
2756
2631
2667
2479
2527
2551
2392
2400
2319
2853
2428
2699
2664
2813
2432
2495
2667
2941
2474
2798
2524
2812
2484
2745
2814
2676
2433
2737
3049
2826
2482
2554
2480
2586
2674
2995
2714
2613
2271
2899
2845
2606
3123
2424
3121
2719
2832
2968
2282
2726
2997
2666
2874
2755
2788
2422
2723
2502
2361
2478
2285
2744
2461
2668
2704
2775
2811
2810
2894
2641
2297
2192
2151
2300
2332
2437
2073
2159
2207
2375
2221
2221
2363
2498
2411
2204
2162
2418
2227
2514
2533
2149
2275
2239
2376
2418
2161
2409
2081
2501
2437
2370
2359
2152
2297
2162
2173
2253
2175
2417
2267
2268
2453
2380
1934
2260
2545
2533
2380
2466
2403
2456
2012
2282
2352
2152
2080
2544
2528
2303
2141
2234
2479
2287
2274
2407
2395
2425
2047
2703
2355
2232
2620
2097
2808
2389
2282
2386
1992
2518
2663
2329
2193
2290
2412
2367
2429
2353
1964
2178
2211
2249
2293
2260
2342
2458
2654
2421
2477
2207
2278
2353
1835
2180
2525
2431
2087
2230
2286
2395
2261
2118
2388
2315
2345
2374
2206
2342
2131
2306
2561
2111
2199
2176
2254
2531
2219
2225
2272
2223
2373
2266
2309
2201
2286
2182
2486
2128
2073
2476
2146
2364
2381
2536
2257
2142
2576
2501
2314
2662
2329
2663
2132
2213
2429
2337
2328
2405
2453
2520
2121
2120
2292
2270
2324
2425
2467
2294
2365
2469
2541
2285
2649
2077
2483
2396
2512
2330
1875
2420
2602
2287
2154
2415
2453
2370
2419
2092
1695
2184
2267
2224
2172
2427
2364
2388
2491
2428
2351
2082
2074
2485
2004
2217
2456
2215
2114
2285
2332
2683
2237
2150
2450
2490
2609
2465
2194
2262
2139
2463
2526
2078
2146
2240
2245
2549
2146
2209
2301
2379
2538
2379
2259
2157
2302
2241
2312
2408
2045
2380
2298
2460
2272
2429
2237
2067
2535
2597
2332
2411
2125
2570
2273
2269
2207
2248
2368
2689
2542
2507
2262
2345
2148
2185
2297
2649
2471
2280
2180
2437
2431
2397
2579
2314
2660
2277
2538
2525
2015
2425
2429
2348
2349
2310
2519
2339
2393
2234
1952
2255
2225
2293
2286
2348
2495
2468
2432
2493
2421
2004
2160
2234
1924
2285
2275
2339
2103
2152
2217
2324
2372
2113
2338
2234
2382
2161
1870
2238
2118
2333
2473
2014
2212
1974
2309
2342
2132
2281
2180
2314
2536
2399
2130
2119
2365
1996
2366
2192
2243
2307
2057
2137
2282
2396
2065
2303
2445
2456
2461
2411
2291
2449
2107
2147
2314
2067
2009
2420
2595
2440
2231
2419
2065
2242
1909
2577
2392
2204
2135
2605
2675
2161
2793
2153
2694
2323
2341
2378
1950
2386
2423
2189
2339
2162
2430
2308
2368
2542
2011
2380
2072
2363
2101
2203
2200
2445
2547
2494
2198
2081
1956
2676
2132
2423
2472
2527
2259
2402
2579
2497
2410
2361
2458
2588
2480
2473
2579
2466
2348
2673
2733
2506
2357
2267
2484
2641
2425
2461
2344
2434
2807
2309
2285
2393
2303
2259
2430
2421
1848
2888
2463
2358
2616
2360
2228
2269
2734
2767
2593
2748
2459
2693
2187
2583
2487
2414
2384
2568
2821
2583
2295
2188
2413
2564
2362
2724
2619
2449
2269
2557
2507
2186
2849
2418
2822
2541
2629
2580
2109
2616
2705
2464
2628
2529
2533
2385
2655
2364
2072
2406
2200
2344
2379
2379
2356
2603
2798
2432
2473
2274
2243
2475
2148
2505
2532
2716
2384
2418
2431
2767
2342
2590
2517
2520
2709
2270
2335
2550
2318
2603
2683
2464
2231
2412
2244
2651
2242
2430
2135
2632
2577
2791
2405
2432
2460
2413
2154
2287
2281
2537
2416
2616
2482
2434
2500
2331
2895
2718
2591
2429
2398
2594
2475
2706
2566
2343
2399
2637
2705
2493
2273
2606
2272
2505
2329
2612
2414
2511
2196
2739
2476
2405
2885
2190
2986
2547
2696
2602
2094
2636
2849
2419
2537
2450
2932
2392
2557
2335
2063
2508
2308
2542
2381
2425
2562
2533
2426
2554
2784
2370
2167
2692
2064
2341
2587
2683
2418
2468
2471
2537
2528
2447
2494
2514
2532
2502
2543
2662
2495
2676
2751
2368
2395
2573
2364
2749
2548
2668
2315
2674
2529
2755
2356
2511
2563
2445
2431
2403
2225
2628
2523
2620
2471
2589
2442
2464
2742
2700
2621
2559
2502
2824
2508
2696
2454
2435
2504
2634
2875
2602
2308
2431
2406
2464
2339
2533
2551
2550
2315
2653
2574
2348
2986
2417
2908
2539
2789
2680
2447
2574
2886
2519
2650
2657
2840
2407
2547
2421
2129
2486
2134
2717
2259
2430
2485
2546
2605
2549
2636
2488
2137
2919
2195
2563
2826
2781
2578
2718
2669
3013
2691
2412
2737
2696
2830
2793
2531
2699
2774
2771
2762
2512
2643
2600
2732
2733
2532
2570
2527
2844
2903
2625
2586
2414
2614
2376
2562
2498
2307
2777
2564
2676
2916
2674
2611
2705
2955
3054
2477
2803
2742
2961
2549
2861
2651
2424
2464
2720
2870
2646
2443
2458
2523
2750
2592
2824
2781
2684
2564
2862
2960
2586
3158
2518
3209
2788
2630
2583
2094
2839
3069
2803
2567
2849
2802
2487
2848
2649
2154
2582
2435
2814
2735
2506
2802
2977
2881
2913
3071
2611
2350
2578
2193
2451
2725
2477
2354
2617
2513
2836
2714
2382
2658
2821
3022
2407
2437
2754
2511
2738
2764
2162
2689
2227
2472
2909
2380
2550
2206
2821
2808
2641
2630
2415
2412
2381
2356
2384
2139
2587
2416
2463
2717
2545
2328
2448
2887
3021
2666
2514
2602
2747
2566
2732
2555
2546
2483
2799
2803
2580
2288
2528
2558
2624
2471
2593
2668
2493
2283
2722
2651
2583
2930
2516
3044
2657
2817
2685
2216
2642
2802
2557
2537
2607
2696
2643
2645
2542
2309
2635
2443
2377
2442
2345
2652
2897
2747
2737
2800
2659
2280
2401
2258
2366
2458
2360
2247
2352
2261
2571
2400
2282
2608
2477
2687
2449
2337
2576
2234
2428
2629
2217
2356
2216
2444
2487
2164
2549
2091
2594
2612
2416
2413
2399
2595
2155
2298
2280
2164
2545
2329
2444
2516
2386
2324
2297
2630
2582
2552
2562
2470
2583
2366
2444
2414
2225
2309
2540
2766
2484
2261
2299
2374
2458
2373
2716
2332
2314
2198
2517
2534
2331
2733
2196
2708
2452
2562
2511
2090
2624
2556
2317
2487
2618
2659
2462
2525
2476
2059
2184
2157
2329
2200
2498
2516
2611
2578
2532
2532
2287
2153
2243
2015
1974
2402
2540
2060
2227
2177
2429
2252
2380
2345
2123
2383
2285
2035
2282
2024
2279
2485
2327
2238
2233
2286
2411
2102
2170
2110
2482
2284
2130
2291
2153
2245
2124
2274
2325
1930
2392
1912
2329
2225
2370
2255
2162
2400
2475
2221
2175
2247
2477
2297
2039
2310
2144
2108
2387
2456
2443
2311
2234
2322
1946
2199
2431
2219
2323
1896
2397
2222
2289
2564
1964
2666
2266
2438
2407
1766
2238
2331
2210
2226
2218
2496
2426
2181
2212
2003
1921
2112
2319
2071
2509
2470
2494
2244
2418
2474
2064
1958
2653
2341
2604
2579
2798
2535
2473
2644
2688
2716
2571
2790
2572
2630
2648
2438
2690
2442
2776
2663
2184
2478
2444
2434
2759
2573
2777
2416
2722
2811
2488
2459
2632
2631
2560
2546
2370
2412
2637
2600
2655
2609
2660
2191
2438
2804
2854
2786
2830
2765
2574
2658
2614
2551
2471
2469
2661
2790
2757
2470
2759
2505
2549
2338
2730
2627
2671
2415
2955
2602
2232
3012
2553
3167
2718
2830
2707
2207
2593
2831
2821
2841
2638
2700
2621
2661
2481
2300
2682
2370
2560
2453
2625
2474
2760
2662
2631
2742
2711
2214
3020
2369
2882
2995
3010
2722
3011
2869
3191
2791
2630
3027
3053
3112
2714
2712
2808
2676
3019
3182
2593
2755
2788
2856
3097
2683
2886
2409
3023
2951
2999
2752
2715
2950
2770
2740
2725
2586
2963
2772
2785
2730
3082
2706
2526
3259
3299
2833
3026
2729
3076
2713
3076
2883
2936
2800
2988
3076
2849
2707
2839
2706
2866
2611
3147
2951
2858
2732
2976
2897
2841
3341
2703
3249
2768
3152
3245
2559
2857
3255
3063
2897
2949
3076
2620
2815
2822
2430
2767
2544
3095
2784
2748
3070
3003
2842
3021
3026
2871
2543
2550
2101
2232
2634
2615
2252
2362
2436
2432
2458
2436
2513
2567
2552
2436
2282
2537
2186
2523
2861
2404
2296
2275
2366
2670
2287
2442
2210
2631
2467
2721
2394
2390
2352
2519
2173
2275
2241
2574
2244
2405
2547
2655
2257
2367
2688
2694
2607
2527
2598
2412
2290
2528
2551
2333
2153
2432
2653
2490
2280
2292
2387
2389
2505
2659
2477
2335
2176
2720
2523
2485
2843
2275
2745
2380
2532
2535
2202
2607
2808
2463
2438
2556
2571
2424
2527
2209
2252
2449
2151
2592
2208
2483
2779
2361
2678
2521
2685
2309
2317
2742
2228
2513
2734
2939
2542
2614
2530
2942
2519
2459
2711
2564
2667
2661
2366
2545
2303
2678
2720
2341
2526
2753
2604
2569
2535
2772
2432
2700
2850
2650
2645
2426
2661
2597
2407
2486
2319
2672
2432
2479
2638
2580
2669
2524
2935
2781
2419
2730
2657
2880
2460
2803
2695
2518
2522
2625
2722
2635
2200
2494
2399
2544
2590
2839
2617
2638
2344
2876
2639
2451
3169
2168
2980
2856
2804
2685
1996
2654
2857
2536
2578
2727
2870
2551
2653
2584
2196
2556
2221
2710
2527
2810
2742
2711
2526
2625
2746
2502
2258
2563
2137
2543
2569
2700
2331
2392
2474
2699
2407
2474
2605
2567
2510
2478
2381
2371
2403
2568
2683
2567
2423
2503
2577
2748
2329
2422
2275
2601
2627
2454
2476
2279
2504
2344
2376
2352
2197
2621
2379
2527
2647
2513
2281
2356
2761
2754
2370
2691
2564
2747
2431
2467
2616
2375
2363
2601
2677
2482
2571
2360
2487
2381
2443
2782
2501
2468
2253
2409
2527
2236
2811
2384
2817
2434
2547
2540
2148
2501
2572
2690
2453
2535
2701
2412
2627
2522
2206
2330
2101
2490
2405
2348
2782
2641
2660
2511
2699
2305
2250
2681
2314
2655
2751
2772
2451
2466
2629
2810
2588
2482
2662
2389
2554
2606
2429
2487
2382
2674
2584
2417
2217
2442
2362
2630
2483
2677
2615
2542
2830
2392
2503
2375
2534
2463
2666
2307
2229
2680
2421
2680
2716
2661
2319
2466
2874
2785
2563
2768
2462
2739
2581
2724
2724
2542
2419
2797
2835
2753
2539
2557
2530
2570
2556
2812
2594
2605
2377
2812
2709
2379
2870
2302
2971
2649
2780
2693
2126
2683
2802
2385
2567
2681
2831
2499
2708
2478
2082
2496
2412
2534
2437
2706
2445
2866
2523
2651
2609
2228
2416
2439
1880
2333
2375
2457
2178
2303
2414
2414
2260
2372
2361
2402
2548
2396
2029
2494
2168
2374
2569
2365
2392
2608
2204
2532
2260
2374
2151
2559
2307
2635
2407
2323
2398
2226
2363
2329
2343
2369
2358
2328
2312
2597
2268
2247
2568
2553
2492
2453
2482
2622
2191
2477
2556
2203
2255
2410
2643
2355
2330
2380
2337
2173
2305
2639
2344
2368
2225
2479
2607
2308
2681
2137
2758
2290
2508
2416
1969
2502
2606
2413
2235
2328
2602
2367
2324
2399
1995
2256
2005
2511
2041
2305
2546
2369
2548
2423
2427
2229
2119
2611
2368
2682
2748
2623
2652
2578
2566
2815
2496
2540
2465
2617
2883
2605
2466
2752
2532
2716
2959
2369
2561
2577
2332
2756
2452
2778
2583
2847
2844
2669
2673
2548
2590
2648
2733
2521
2467
2800
2551
2785
2775
2712
2432
2414
2891
2790
2739
2711
2583
2758
2546
2763
2694
2412
2421
2958
2985
2549
2389
2598
2667
2407
2782
2739
2700
2603
2396
2801
2743
2596
2886
2496
3043
2609
2877
2829
2122
2675
2902
2538
2526
2912
2929
2648
2727
2661
2209
2549
2426
2617
2563
2591
2740
2780
2847
2792
2989
2538
2329
2524
1989
2264
2437
2701
2346
2490
2557
2456
2369
2199
2561
2325
2438
2462
2209
2553
2270
2665
2594
2175
2314
2348
2249
2613
2380
2599
2258
2387
2593
2444
2459
2398
2512
2212
2479
2343
1988
2610
2149
2309
2470
2431
2426
2276
2611
2822
2395
2536
2524
2596
2197
2553
2566
2405
2320
2590
2566
2511
2178
2361
2491
2277
2311
2823
2576
2551
2211
2770
2431
2381
2939
2186
2703
2491
2737
2577
1915
2405
2441
2234
2455
2404
2692
2403
2294
2201
2113
2501
2123
2615
2229
2564
2457
2538
2522
2446
2283
2089
2168
2248
2060
2182
2265
2508
2142
2257
2187
2440
2152
2325
2495
2316
2406
2162
2343
2262
2211
2375
2540
2192
2109
2208
2129
2606
2192
2470
2095
2507
2401
2322
2244
2308
2187
2225
2264
2091
2123
2401
2160
2350
2386
2426
2078
2256
2615
2433
2340
2554
2248
2519
2099
2196
2335
2158
2173
2383
2570
2390
2188
2438
2218
2285
2270
2374
2429
2324
2322
2480
2413
2259
2694
2040
2585
2300
2617
2328
1912
2437
2493
2394
2283
2169
2365
2259
2203
2360
1983
2327
2068
2351
2161
2345
2346
2394
2617
2520
2421
2134
2136
2439
1986
2266
2443
2411
2350
2459
2245
2503
2480
2165
2587
2471
2737
2389
2129
2590
2300
2526
2636
2371
2260
2311
2258
2720
2456
2555
2184
2783
2557
2452
2326
2262
2335
2184
2282
2242
1972
2354
2377
2431
2422
2374
2177
2449
2655
2662
2454
2361
2574
2605
2322
2400
2375
2409
2314
2408
2521
2560
2056
2379
2260
2472
2337
2522
2483
2147
2161
2686
2481
2163
3034
2159
2867
2537
2603
2498
2105
2509
2746
2512
2385
2313
2423
2343
2345
2429
2105
2436
1865
2476
2172
2422
2505
2506
2554
2473
2600
2351
1925
2569
1926
2476
2759
2593
2449
2605
2360
2587
2546
2373
2587
2456
2778
2610
2161
2426
2405
2843
2776
2376
2463
2329
2409
2695
2544
2463
2267
2613
2856
2714
2597
2143
2442
2365
2537
2524
2119
2542
2388
2341
2396
2472
2434
2418
2976
2965
2607
2683
2488
2603
2394
2580
2580
2415
2553
2637
2710
2632
2372
2283
2556
2634
2353
2729
2643
2464
2478
2753
2851
2432
2876
2379
2801
2583
2812
2724
2128
2550
2778
2434
2490
2659
2584
2720
2640
2512
2072
2387
2352
2602
2286
2341
2534
2758
2725
2742
2548
2466
2261
2432
2207
2387
2658
2514
2312
2652
2509
2720
2434
2269
2381
2415
2484
2276
2400
2366
2363
2622
2829
2466
2351
2232
2444
2684
2446
2585
2344
2530
2537
2618
2361
2270
2399
2402
2402
2411
2182
2470
2217
2445
2343
2506
2402
2310
2979
2737
2614
2643
2211
2498
2240
2420
2495
2292
2338
2644
2702
2500
2471
2394
2380
2511
2410
2641
2518
2442
2381
2616
2597
2524
2786
2215
2763
2353
2819
2627
2130
2437
2685
2320
2531
2602
2546
2506
2465
2586
2183
2162
2148
2542
2448
2348
2545
2556
2666
2675
2604
2295
2326
2453
2204
1961
2448
2373
2286
2338
2261
2558
2243
2194
2232
2393
2445
2223
2134
2490
2469
2537
2635
2204
2282
2259
2467
2471
2512
2398
2268
2581
2588
2509
2223
2294
2414
2253
2123
2279
2144
2471
2309
2408
2464
2350
2392
2342
2539
2508
2333
2565
2267
2799
2078
2476
2410
2236
2326
2474
2575
2616
2225
2238
2321
2335
2299
2521
2447
2255
1946
2579
2384
2337
2752
2188
2821
2542
2631
2570
2197
2302
2676
2252
2426
2462
2422
2442
2419
2537
2165
2318
2061
2407
2189
2406
2221
2511
2651
2383
2543
2525
2228
2749
2378
2596
3033
2780
2546
2560
2679
2773
2700
2602
2895
2940
3012
2594
2582
2471
2440
2823
3035
2297
2607
2539
2478
2924
2571
2763
2452
2798
2924
2787
2591
2674
2540
2661
2706
2411
2220
2790
2512
2573
2642
2822
2390
2710
2884
2928
2883
2823
2581
2742
2730
2820
2632
2529
2652
2818
2928
2687
2341
2790
2522
2648
2652
2896
2840
2549
2499
2828
2924
2646
3054
2436
3163
2622
2900
2776
2291
2834
2969
2732
2847
2925
2747
2653
2909
2559
2220
2583
2273
2562
2530
2654
2840
2849
2970
2701
2936
2550
2327
2819
2216
2521
2713
2746
2442
2675
2511
2818
2572
2422
2705
2675
2715
2686
2520
2697
2343
2693
2801
2451
2542
2519
2640
2958
2578
2691
2402
2892
2749
2507
2553
2457
2515
2485
2457
2491
2196
2495
2312
2524
2596
2780
2333
2545
2810
2741
2717
2746
2577
2920
2362
2520
2705
2526
2492
2560
2835
2781
2545
2581
2653
2389
2578
2686
2651
2464
2378
2673
2793
2498
2865
2451
3106
2576
2885
2760
2196
2760
2829
2725
2667
2545
2699
2519
2521
2563
2325
2370
2302
2676
2495
2580
2748
2757
2838
2679
2787
2606
2442
2860
2037
2483
2674
2644
2288
2524
2391
2601
2493
2382
2629
2505
2752
2583
2540
2324
2478
2793
2579
2391
2302
2465
2327
2620
2533
2534
2181
2663
2524
2538
2503
2280
2422
2337
2630
2413
2358
2642
2286
2508
2482
2658
2322
2544
2814
2572
2463
2513
2573
2620
2481
2509
2487
2281
2305
2473
2623
2711
2415
2333
2423
2408
2559
2812
2598
2172
2463
2461
2658
2429
2712
2348
2726
2451
2523
2815
2072
2651
2668
2574
2332
2482
2453
2510
2455
2555
2226
2311
2114
2597
2190
2282
2519
2647
2599
2568
2706
2315
2275
2594
2325
2480
2503
2569
2312
2425
2487
2873
2452
2385
2575
2516
2675
2575
2294
2432
2518
2607
2538
2547
2431
2478
2440
2729
2208
2602
2416
2562
2650
2555
2539
2349
2369
2105
2474
2323
2335
2515
2336
2614
2688
2551
2345
2427
3032
2848
2414
2800
2333
2752
2298
2541
2596
2445
2503
2768
2846
2706
2493
2602
2465
2571
2580
2819
2633
2485
2378
2644
2698
2611
2893
2370
3040
2445
2720
2803
2200
2654
2580
2529
2615
2504
2764
2406
2573
2560
2246
2312
2363
2612
2277
2561
2473
2619
2680
2556
2685
2353
2411
2582
2259
2601
2728
2787
2336
2564
2494
2698
2522
2232
2632
2574
2532
2413
2469
2502
2468
2513
2826
2507
2393
2258
2326
2761
2387
2588
2438
2682
2689
2778
2334
2328
2333
2535
2668
2366
2345
2690
2446
2524
2452
2672
2418
2533
2821
2797
2827
2756
2330
2708
2454
2563
2618
2491
2496
2822
2906
2556
2431
2432
2450
2743
2431
2706
2645
2490
2582
2728
2806
2531
3003
2408
2789
2541
2757
2709
2286
2630
2858
2527
2585
2636
2791
2573
2494
2605
2291
2539
2208
2735
2304
2455
2614
2548
2789
2667
2616
2402
2337
2500
1805
2376
2557
2532
2231
2291
2374
2323
2362
2142
2488
2397
2407
2311
2206
2146
2318
2424
2538
2120
2276
2263
2317
2475
2247
2374
2194
2316
2470
2360
2149
2394
2604
2308
2320
2344
2135
2444
2142
2348
2437
2484
2093
2280
2459
2673
2412
2416
2326
2603
2257
2398
2302
2167
2210
2372
2670
2441
2194
2411
2139
2244
2132
2541
2343
2316
2000
2590
2421
2156
2846
2203
2627
2255
2323
2495
2130
2365
2614
2204
2582
2372
2558
2285
2333
2239
2170
2407
1910
2551
2065
2338
2403
2544
2421
2285
2366
2246
2028
2592
2402
2671
2712
2806
2319
2584
2599
2768
2652
2732
2941
2747
2743
2680
2449
2609
2555
2906
2971
2554
2499
2534
2489
2849
2521
2636
2419
2803
2817
2787
2660
2618
2603
2494
2524
2519
2267
2909
2562
2700
2811
2790
2388
2633
2903
2948
2844
2670
2710
2775
2635
2689
2890
2509
2497
2793
2917
2686
2491
2651
2502
2492
2467
2959
2576
2553
2436
2968
2978
2443
3009
2379
3136
2724
2763
2841
2159
2979
2866
2705
2712
2679
2870
2543
2862
2740
2341
2591
2515
2424
2479
2664
2802
2877
2916
2715
2841
2422
2526
2451
1993
2418
2541
2689
2375
2376
2474
2600
2442
2306
2348
2424
2584
2662
2323
2557
2312
2517
2770
2539
2430
2658
2371
2637
2343
2499
2346
2706
2760
2612
2523
2422
2493
2100
2241
2273
2249
2567
2397
2496
2709
2680
2292
2367
2695
2718
2429
2680
2462
2776
2242
2345
2553
2274
2538
2812
2524
2646
2249
2383
2488
2307
2508
2718
2566
2478
2141
2525
2608
2189
2783
2207
2757
2390
2892
2479
2316
2648
2738
2391
2561
2664
2587
2609
2605
2513
2049
2386
2024
2382
2550
2405
2673
2305
2631
2449
2677
2260
2263
2286
2087
2145
2503
2297
2320
2324
2310
2421
2352
2298
2298
2327
2325
2247
2068
2278
2134
2472
2544
2094
2190
2232
2225
2321
2251
2406
2229
2391
2466
2511
2234
2224
2492
2325
2239
2084
1952
2377
2209
2297
2271
2459
2121
2176
2691
2624
2334
2593
2268
2440
2218
2451
2542
2275
2394
2365
2629
2449
2256
2383
2215
2244
2191
2308
2332
2233
2086
2567
2265
2243
2655
2092
2849
2373
2563
2424
2153
2283
2693
2202
2365
2532
2388
2293
2522
2318
1962
2105
2058
2364
2118
2179
2313
2520
2269
2515
2305
2324
2108
2545
1877
2486
2534
2555
2247
2505
2368
2556
2209
2286
2393
2413
2489
2319
2305
2328
2245
2644
2772
2241
2281
2331
2410
2664
2371
2373
2157
2504
2371
2497
2446
2119
2276
2298
2461
2376
2258
2485
2373
2508
2422
2367
2381
2322
2598
2647
2464
2439
2226
2559
2144
2449
2450
2244
2213
2569
2686
2401
2314
2179
2241
2406
2373
2588
2413
2379
2269
2676
2580
2169
2785
2194
2701
2524
2504
2532
2065
2319
2745
2478
2371
2543
2538
2440
2312
2285
2167
2327
2156
2520
2179
2487
2704
2527
2623
2526
2747
2292
2035
2777
2322
2507
2744
2684
2577
2577
2682
2908
2401
2683
2547
2766
3078
2507
2392
2833
2563
2842
2938
2657
2394
2273
2550
3011
2582
2682
2546
2863
2853
2800
2615
2369
2573
2679
2621
2519
2236
2760
2630
2762
2622
2703
2704
2578
3003
2898
2545
2689
2620
2814
2696
2857
2801
2594
2577
2726
2975
2709
2706
2746
2386
2688
2657
2857
2865
2729
2418
2944
2881
2507
3104
2453
3106
2601
2983
2770
2214
2435
3019
2668
2753
2785
2934
2789
2569
2756
2303
2548
2116
2882
2497
2528
2770
2986
2735
2882
2722
2820
2220
2769
2293
2711
2736
2591
2511
2546
2709
2875
2542
2341
2701
2764
2775
2608
2360
2435
2373
2542
2721
2557
2464
2525
2594
2693
2476
2555
2562
2591
2787
2677
2447
2523
2413
2497
2813
2369
2391
2833
2586
2899
2523
2730
2463
2276
2939
2970
2643
2781
2414
2775
2696
2681
2529
2604
2436
2799
2816
2687
2630
2492
2431
2482
2612
2867
3056
2638
2470
2818
2486
2599
2836
2385
3015
2482
2786
2781
2292
2647
3029
2756
2673
2792
2648
2602
2504
2439
2036
2424
2305
2838
2383
2568
2724
2706
2658
2837
2766
2369
2280
2352
2021
2209
2302
2428
2293
2361
2422
2240
2289
2411
2243
2114
2394
2222
2298
2228
2149
2332
2310
2061
2099
2023
2150
2548
2189
2297
2043
2459
2490
2220
2319
2161
2296
2210
2242
2206
2012
2346
2140
2043
2222
2272
1982
2216
2701
2408
2239
2318
2369
2402
2288
2118
2316
2136
2076
2350
2500
2487
2214
2382
2048
2198
2077
2373
2226
2247
2104
2212
2455
1971
2652
2267
2470
2183
2400
2431
1966
2079
2336
2451
2465
2354
2387
2120
2342
2234
1882
2133
1984
2099
1845
2288
2213
2506
2111
2340
2387
2317
1869
2363
2213
2363
2498
2539
2332
2499
2508
2571
2312
2325
2460
2369
2443
2560
2231
2239
2181
2427
2573
2212
2245
2157
2354
2605
2218
2410
2300
2338
2532
2364
2212
2320
2397
2335
2338
2204
2221
2513
2148
2173
2397
2417
2260
2213
2839
2649
2269
2517
2427
2413
2309
2402
2524
2179
2309
2598
2669
2440
2384
2302
2245
2322
2363
2653
2522
2308
2345
2407
2626
2335
2576
2407
2703
2320
2574
2675
1992
2321
2551
2468
2459
2447
2615
2144
2767
2410
2089
2367
2109
2429
2377
2313
2500
2584
2522
2418
2560
2263
2233
2449
2252
2367
2749
2507
2365
2486
2682
2728
2470
2389
2608
2525
2729
2420
2328
2530
2482
2619
2720
2400
2371
2472
2604
2806
2524
2388
2511
2601
2476
2695
2327
2461
2472
2385
2219
2504
2173
2622
2410
2564
2531
2632
2406
2451
2704
2726
2531
2456
2597
2688
2635
2547
2697
2559
2283
2411
2706
2748
2483
2406
2492
2305
2336
2841
2341
2382
2332
2682
2691
2350
2813
2218
3017
2586
2601
2599
2086
2565
2954
2453
2411
2462
2721
2473
2608
2356
2148
2330
2329
2469
2330
2696
2797
2710
2799
2507
2733
2368
2325
2750
2052
2587
2700
2824
2520
2764
2519
2832
2576
2552
2584
2702
2771
2489
2530
2751
2479
2813
2941
2382
2565
2691
2654
2835
2631
2781
2306
2865
2688
2767
2626
2415
2569
2495
2549
2476
2493
2671
2466
2605
2699
2930
2475
2619
2944
2890
2612
2685
2611
2817
2367
2691
2794
2577
2492
2871
3104
2951
2540
2554
2549
2598
2721
2804
2773
2596
2448
2930
2876
2672
3034
2469
3003
2659
3009
2727
2365
2640
3050
2631
2718
2567
2880
2616
2700
2668
2543
2721
2337
2710
2432
2675
2755
2671
2774
2628
2754
2480
2330
2392
2075
2370
2362
2576
2286
2584
2448
2647
2311
2373
2695
2390
2607
2576
2286
2542
2526
2469
2839
2378
2252
2305
2364
2698
2509
2600
2197
2654
2613
2672
2332
2501
2358
2277
2262
2399
2066
2562
2262
2380
2393
2501
2397
2302
2737
2644
2576
2490
2310
2675
2458
2380
2329
2484
2312
2584
2690
2368
2213
2335
2391
2448
2245
2635
2433
2318
2328
2440
2579
2486
2845
2029
2623
2495
2841
2611
1986
2433
2988
2312
2593
2263
2683
2502
2449
2378
1971
2164
2100
2701
2396
2473
2480
2639
2823
2412
2831
2396
2128
2332
2114
2388
2335
2567
2309
2287
2288
2532
2261
2284
2371
2359
2578
2351
2179
2324
2333
2401
2461
2324
2137
2349
2279
2475
2198
2328
2262
2690
2723
2520
2560
2269
2365
2227
2280
2342
2214
2512
2406
2370
2383
2359
2221
2164
2727
2640
2202
2355
2298
2528
2251
2533
2470
2169
2125
2599
2521
2504
2322
2257
2382
2363
2475
2664
2530
2359
2301
2599
2430
2170
2613
2075
2717
2313
2700
2337
1901
2371
2488
2417
2468
2539
2491
2427
2444
2256
2036
2252
2141
2182
1999
2404
2538
2465
2487
2524
2648
2461
2177
2888
2272
2807
2960
3002
2638
2907
2802
2847
2699
2664
2938
2697
2865
2756
2559
2804
2543
2978
3172
2754
2489
2693
2835
3016
2944
2932
2618
2941
2848
3132
2881
2668
2786
2513
2766
2514
2413
2981
2773
2865
2720
2858
2721
2844
3222
3222
2819
3012
2839
3035
2589
2933
3107
2774
2621
2927
2978
2639
2628
2671
2589
2722
2467
2923
2771
2595
2695
3035
2930
2722
3136
2432
3222
2746
3016
2939
2436
2794
3332
2644
2928
2867
2903
2825
2947
2776
2304
2658
2480
2857
2625
2648
2800
2812
2746
2943
2991
2664
2479
2699
2298
2461
2814
2655
2553
2450
2544
2927
2605
2555
2774
2829
2864
2536
2649
2699
2649
2746
2842
2347
2603
2550
2509
2977
2434
2699
2617
2781
2876
2850
2606
2510
2611
2509
2465
2451
2383
2689
2537
2722
2699
2769
2481
2728
2918
2904
2836
2841
2548
2987
2634
2840
2643
2639
2620
2846
2929
2688
2581
2628
2565
2602
2531
2635
2603
2656
2474
2991
2994
2514
3081
2412
3137
2598
2974
2492
2386
2732
3035
2476
2776
2690
2992
2483
2954
2569
2126
2735
2510
2597
2623
2727
2727
2799
2799
2782
2776
2625
2372
2434
2059
2446
2358
2457
2309
2311
2275
2516
2434
2151
2637
2356
2478
2486
2153
2287
2243
2355
2282
2200
2273
2333
2252
2537
2437
2464
2067
2417
2702
2431
2381
2291
2290
2261
2262
2162
2048
2557
2233
2376
2340
2545
2060
2329
2390
2600
2458
2496
2282
2479
2274
2433
2467
2284
2168
2398
2636
2493
2057
2211
2221
2340
2283
2636
2427
2451
2308
2572
2603
2281
2678
2148
3022
2466
2414
2408
1866
2579
2531
2452
2349
2367
2503
2198
2278
2213
2048
2331
2108
2374
2260
2258
2490
2452
2568
2408
2555
2203
2132
2914
2342
2311
2726
2876
2709
2651
2721
2745
2581
2560
2444
2496
2753
2472
2381
2826
2514
2581
2820
2410
2484
2555
2545
2654
2434
2539
2537
2678
2735
2560
2434
2348
2644
2400
2539
2552
2474
2748
2507
2576
2745
2734
2554
2533
3012
2893
2615
2747
2697
2780
2504
2693
2660
2407
2408
2778
2909
2814
2493
2441
2662
2567
2550
2822
2704
2681
2437
2827
2895
2650
2963
2414
3186
2635
3016
2719
2237
2715
2920
2560
2557
2859
2895
2595
2765
2492
2351
2586
2384
2692
2613
2896
2757
2752
2679
2627
2755
2649
2453
2226
1867
2064
2329
2476
2065
2240
2308
2234
2247
2078
2380
2099
2338
2298
2041
2238
2356
2279
2413
2278
2217
2183
2140
2336
2168
2324
2031
2293
2426
2303
2074
2118
2257
1993
2420
2062
2092
2335
2240
2309
2334
2287
2161
2299
2511
2532
2451
2382
2142
2474
2165
2382
2257
2089
2232
2407
2679
2273
2043
2145
2075
2448
2077
2424
2158
2234
2190
2242
2479
2129
2760
1997
2798
2351
2336
2414
1989
2568
2601
2183
2439
2329
2621
2116
2262
2182
1875
2118
1872
2367
2162
2330
2235
2419
2176
2350
2441
2093
1983
2878
2364
2597
2948
2963
2669
2781
2797
3064
2565
2739
2897
2880
2908
2929
2782
2797
2600
3072
3100
2654
2671
2657
2957
2969
2884
2848
2676
3062
3141
2896
2681
2864
2814
2660
2725
2622
2556
3005
2775
2899
3024
2989
2625
2838
3117
3200
2753
3253
3003
3293
2639
2985
2915
2624
2610
2905
3006
2911
2618
2910
2747
2774
2570
3019
3019
2794
2642
3172
2909
2760
3097
2647
3276
2986
3094
2917
2505
2892
3271
2723
2975
2881
3008
2750
2969
2757
2362
2871
2661
2928
2724
2857
2648
2809
2999
3068
2982
2643
2525
2393
1951
2160
2445
2638
2010
2345
2172
2528
2312
2275
2470
2233
2571
2557
2215
2264
2270
2530
2452
2280
2250
2196
2094
2338
2150
2409
2012
2484
2650
2480
2194
2192
2296
2271
2223
2379
2029
2647
2161
2296
2444
2339
2286
2369
2527
2600
2343
2371
2357
2513
2243
2471
2139
2156
2383
2577
2657
2600
2126
2120
2197
2372
2095
2572
2441
2209
2218
2473
2501
2251
2675
2191
2796
2467
2569
2381
2013
2541
2634
2297
2406
2297
2591
2307
2381
2340
2031
2086
2148
2435
2209
2277
2510
2636
2460
2401
2395
2282
2275
3007
2205
2501
2791
2826
2407
2586
2559
2700
2449
2597
2716
2801
2632
2597
2510
2702
2261
2890
3019
2511
2632
2630
2707
3043
2715
2604
2323
2688
2735
2679
2641
2569
2697
2322
2443
2448
2347
2852
2453
2656
2673
2704
2338
2584
2939
2843
2800
2773
2679
2779
2400
2693
2738
2373
2357
2654
2877
2503
2458
2575
2637
2405
2627
2939
2691
2708
2368
2891
2749
2607
2953
2459
3046
2579
2807
2718
2344
2773
2739
2561
2625
2633
2734
2490
2641
2524
2308
2714
2379
2556
2516
2682
2817
2740
2698
2626
2719
2315
2415
2457
2111
2526
2491
2525
2285
2409
2428
2543
2402
2266
2599
2542
2438
2295
2399
2422
2375
2620
2618
2364
2152
2564
2553
2725
2380
2679
2174
2461
2477
2540
2483
2298
2321
2282
2113
2309
2271
2642
2385
2644
2574
2412
2217
2535
2615
2703
2493
2467
2447
2575
2303
2391
2618
2365
2096
2581
2719
2514
2339
2315
2302
2331
2442
2740
2392
2487
2090
2612
2622
2308
2923
2192
2956
2686
2400
2532
2067
2664
2799
2430
2497
2357
2595
2358
2630
2447
2166
2445
2279
2382
2285
2562
2407
2466
2571
2528
2693
2234
2021
2627
2167
2486
2627
2508
2522
2502
2404
2889
2372
2350
2333
2394
2773
2520
2529
2406
2399
2499
2840
2429
2373
2356
2363
2602
2450
2516
2374
2738
2842
2635
2576
2220
2351
2513
2486
2381
2155
2574
2426
2519
2625
2543
2602
2497
2988
2799
2553
2735
2466
2720
2487
2622
2333
2369
2450
2689
2646
2631
2280
2396
2297
2496
2404
2535
2483
2483
2284
2576
2718
2444
2632
2490
2886
2372
2836
2472
2275
2448
2693
2233
2582
2585
2644
2601
2607
2529
2130
2227
2166
2513
2394
2339
2503
2714
2540
2662
2659
2489
2291
2613
2215
2664
2696
2810
2537
2585
2564
2855
2547
2528
2796
2534
2848
2649
2353
2789
2622
2675
2735
2616
2560
2500
2545
2796
2677
2602
2565
2841
2915
2596
2666
2370
2768
2349
2573
2401
2334
2606
2421
2556
2572
2524
2367
2777
2787
2792
2709
2564
2621
2718
2755
2812
2718
2507
2394
2666
2903
2553
2469
2515
2744
2702
2408
2736
2384
2631
2550
2869
3117
2493
3031
2345
3072
2616
2732
2497
2045
2694
2843
2437
2617
2566
2806
2666
2753
2754
2189
2614
2137
2648
2477
2703
2706
2963
2676
2623
2718
2402
2329
2069
1970
2064
2311
2327
2127
2154
2084
2272
2096
2238
2250
2229
2437
2048
2168
2309
2031
2271
2439
2155
2160
2051
2183
2327
1941
2360
1921
2473
2333
2342
2238
2057
2198
2034
2212
2041
2125
2270
2147
2171
2353
2322
1989
2292
2403
2473
2384
2433
2269
2406
2126
2311
2319
2086
2052
2341
2459
2284
2038
2203
2189
2251
2275
2428
2346
2079
2081
2427
2405
2058
2627
2039
2594
2327
2444
2118
1911
2361
2486
2174
2174
2516
2383
2320
2251
2223
1954
2123
2001
2227
1984
2163
2368
2235
2389
2470
2333
2129
1917
2828
2219
2625
2585
2632
2314
2568
2662
2806
2529
2480
2594
2722
2775
2631
2456
2698
2522
2677
2642
2454
2465
2470
2645
2705
2476
2472
2273
2626
2640
2521
2456
2528
2518
2374
2417
2583
2358
2840
2375
2589
2755
2761
2510
2532
2903
2854
2731
2565
2464
2931
2498
2691
2611
2435
2274
2699
2815
2770
2474
2776
2521
2453
2613
2795
2681
2687
2271
2865
2481
2478
2966
2430
2915
2643
2787
2616
2350
2469
2855
2629
2681
2509
2721
2462
2635
2516
2409
2567
2341
2619
2313
2474
2589
2712
2774
2735
2694
2495
2309
2569
1928
2275
2264
2439
2136
2296
2342
2574
2290
2448
2448
2425
2571
2529
2213
2658
2303
2613
2693
2316
2181
2490
2379
2562
2464
2486
2163
2643
2682
2415
2332
2345
2562
2141
2189
2507
2156
2616
2302
2498
2581
2430
2283
2436
2622
2630
2494
2576
2470
2558
2253
2330
2471
1981
2179
2605
2585
2367
2267
2413
2294
2314
2201
2720
2283
2484
2235
2658
2455
2333
2776
2034
2809
2522
2514
2505
1905
2623
2493
2294
2474
2379
2602
2364
2427
2598
2241
2357
2095
2474
2361
2430
2438
2507
2542
2524
2488
2071
2209
2624
2229
2552
2498
2636
2544
2480
2520
2746
2414
2547
2636
2561
2593
2592
2519
2616
2499
2700
2805
2484
2506
2587
2740
2796
2561
2639
2446
2749
2689
2666
2532
2546
2606
2577
2519
2544
2382
2830
2593
2436
2706
2846
2459
2543
2882
2870
2570
2793
2702
2841
2258
2719
2701
2642
2398
2520
2714
2795
2236
2567
2316
2460
2455
2813
2812
2578
2393
2674
2773
2464
3037
2444
2928
2744
2838
2755
2291
2587
2758
2646
2509
2723
2834
2298
2641
2726
2200
2554
2357
2529
2443
2555
2676
2544
2746
2671
2714
2586
2312
3089
2575
2905
2918
3125
2613
2834
2930
2971
2976
2819
3041
2930
3069
2998
2820
2936
2814
3053
3177
2739
2770
2825
2817
3142
2893
3061
2797
3135
3341
2862
2773
2744
2817
2827
2849
2936
2562
3199
2721
2865
2983
3007
2726
2747
3200
3124
2901
3020
3021
2957
2996
3047
3024
2789
2747
3274
3320
3054
2755
2936
2549
2906
2886
3253
2993
2981
2735
3038
3184
2866
3345
2798
3217
2870
3185
3022
2379
2991
3120
2945
3184
2960
3046
2840
2923
3032
2720
2884
2420
3046
2769
2886
3110
2989
2793
2976
2908
2778
2646
2571
1966
2360
2559
2581
2309
2558
2273
2325
2338
2124
2525
2498
2404
2387
2318
2516
2313
2640
2633
2287
2369
2324
2307
2639
2178
2507
2196
2479
2497
2585
2279
2376
2486
2327
2240
2333
2345
2698
2156
2441
2530
2463
2385
2262
2815
2729
2607
2705
2417
2364
2240
2593
2541
2174
2354
2641
2726
2396
2270
2098
2416
2374
2262
2667
2408
2349
2294
2517
2618
2415
2816
2343
2741
2456
2603
2779
2130
2689
2667
2440
2482
2523
2756
2282
2474
2353
2197
2517
2258
2530
2383
2345
2439
2424
2458
2499
2426
2356
2206
