1288
1332
1276
1031
1284
1176
1090
1276
1171
1178
1162
1243
1210
1256
1349
1283
932
1071
1317
1261
1092
1299
1225
1279
1343
1401
1225
1106
1240
1280
1098
1101
1348
1090
1239
1111
1221
963
1019
1154
1212
865
1222
1294
1300
1210
1358
1212
1367
1336
1347
1170
1243
1185
1349
1099
1328
1365
1144
1153
1274
1206
1173
1375
1336
1224
1082
1141
1278
1308
1250
1400
1214
1338
1362
1356
1216
1205
1177
1419
1202
1261
1268
1157
1325
1299
1197
1132
1133
1008
1142
1060
1329
1436
1253
1063
1402
1119
1433
1335
1247
1146
1058
1052
1200
1023
1223
1157
1132
1250
1160
1131
1073
1202
1228
1003
1036
1037
1314
1311
1242
1173
1220
1099
1190
1316
1126
1046
1134
1319
1151
1192
1219
1142
1229
1075
1073
1039
906
953
1049
1013
1301
1286
1213
964
1299
1178
1222
1076
1427
1422
1412
1369
1595
1300
1411
1392
1331
1421
1273
1344
1453
1555
1599
1464
1194
1206
1622
1430
1290
1477
1430
1357
1598
1581
1345
1366
1469
1553
1250
1360
1452
1240
1496
1359
1335
1146
1179
1118
1382
1164
1560
1582
1404
1355
1751
1264
1647
1485
1108
1088
1200
1222
1169
906
1288
1260
1134
1176
1111
1209
1177
1206
1382
1154
1066
975
1224
1130
1070
1245
1121
1186
1343
1332
1090
1130
1221
1301
1020
1159
1163
1028
1250
1227
1163
952
1015
1026
1243
986
1188
1158
1130
1020
1345
1231
1352
1087
1284
1321
1275
1265
1310
1158
1318
1518
1269
1251
1359
1307
1262
1419
1446
1287
1088
1214
1407
1279
1382
1479
1357
1267
1462
1502
1253
1097
1306
1486
1279
1471
1441
1243
1198
1328
1355
1326
1204
1359
1288
1126
1402
1298
1490
1159
1487
1229
1553
1334
1056
1262
1235
1060
1219
987
1037
1252
1181
1077
991
1031
959
1309
1273
1075
910
1065
1131
1220
1023
1266
1205
1240
1210
1249
1097
1001
1094
1261
1042
1178
1180
1169
1196
980
1010
989
1015
883
1029
855
1260
1267
1291
1221
1233
1103
1306
1247
1457
1278
1284
1429
1299
1173
1538
1383
1198
1353
1392
1252
1371
1639
1441
1336
989
983
1638
1413
1353
1454
1332
1371
1483
1513
1287
1338
1549
1579
1198
1419
1391
1171
1439
1279
1185
1041
1145
1116
1315
1131
1447
1438
1450
1312
1641
1221
1714
1327
1564
1408
1359
1505
1477
1267
1498
1586
1444
1449
1515
1407
1336
1589
1641
1437
1236
1248
1563
1494
1356
1549
1426
1417
1605
1562
1380
1465
1618
1615
1279
1603
1438
1299
1397
1445
1274
1158
1297
1343
1335
1270
1558
1526
1497
1343
1650
1488
1764
1546
1134
1002
972
964
890
991
1071
1085
869
992
972
890
877
1154
1151
953
870
1053
1010
1111
999
1202
1056
1035
1095
1157
1039
801
1089
1093
997
1092
988
1033
1056
977
932
895
935
964
891
830
1224
1202
915
1040
1111
1198
1174
1172
1210
1332
1303
1275
1498
1179
1349
1379
1206
1231
1270
1284
1289
1437
1390
1196
1077
1071
1371
1362
1231
1389
1350
1366
1453
1409
1098
1218
1224
1514
1310
1258
1252
1206
1413
1111
1192
1101
1257
990
1181
1122
1353
1445
1260
1298
1564
1043
1522
1322
1287
1104
1180
1135
1209
1066
1222
1369
1177
1133
1129
1254
1254
1305
1363
1272
994
1105
1405
1224
1139
1283
1252
1185
1307
1418
1011
1175
1333
1288
1071
1163
1252
1146
1135
1293
1192
1070
1060
1144
1269
1154
1218
1302
1236
1107
1349
1184
1443
1328
1252
1228
1269
1273
1267
1132
1166
1293
1120
1166
1112
1125
1156
1342
1327
1163
945
1059
1378
1301
1238
1409
1232
1299
1341
1350
1170
1181
1418
1299
1247
1309
1414
1156
1140
1192
1126
977
1217
1017
1188
1175
1271
1298
1245
1064
1384
1125
1437
1310
1363
1324
1264
1237
1353
1205
1328
1458
1148
1272
1151
1321
1316
1473
1449
1223
987
1040
1430
1426
1320
1344
1356
1377
1393
1507
1108
1177
1247
1555
1151
1329
1382
1263
1254
1294
1155
1182
1056
1095
1258
1027
1279
1421
1373
1247
1544
1355
1418
1359
1628
1607
1542
1531
1545
1451
1584
1479
1361
1539
1572
1457
1493
1766
1720
1571
1269
1290
1736
1511
1604
1753
1509
1494
1678
1734
1577
1421
1642
1724
1434
1669
1653
1222
1603
1485
1507
1295
1381
1343
1302
1264
1560
1587
1583
1265
1835
1413
1778
1539
1352
1188
1163
1153
1311
1114
1256
1375
1189
1124
1340
1218
1313
1334
1405
1150
928
903
1320
1364
1207
1422
1227
1291
1431
1310
1263
1252
1402
1461
1228
1240
1405
1156
1274
1136
1080
868
1074
1082
1291
993
1185
1353
1286
1147
1314
1246
1402
1115
1323
1242
1299
1227
1264
1058
1199
1291
1217
1301
1179
1146
1142
1391
1326
1260
968
1130
1307
1151
1121
1418
1193
1201
1365
1385
1142
1228
1324
1354
1162
1234
1363
1146
1228
1306
1139
1063
1115
1086
1199
1038
1246
1314
1236
1079
1450
1187
1383
1243
1407
1195
1342
1205
1354
1159
1381
1571
1281
1228
1315
1265
1193
1418
1441
1411
910
1170
1376
1348
1258
1441
1228
1259
1441
1570
1229
1121
1289
1384
1190
1241
1328
1130
1370
1435
1165
1133
1059
1142
1235
1114
1284
1465
1385
1124
1381
1282
1365
1345
1118
1037
961
984
1012
953
1071
1214
922
1091
1072
1063
1035
1236
1188
1110
923
956
1213
1012
1112
1213
1227
1014
1193
1332
979
880
1144
1199
942
1109
1000
1046
1004
999
957
962
904
1045
982
888
1090
1245
1174
884
1056
1081
1118
1008
1398
1315
1303
1211
1306
1223
1313
1351
1213
1308
1239
1341
1276
1511
1522
1283
1102
1257
1449
1405
1233
1476
1419
1405
1500
1488
1286
1235
1411
1434
1200
1399
1485
1189
1392
1308
1295
1133
1142
1118
1151
1152
1371
1529
1272
1099
1581
1397
1531
1442
1541
1412
1340
1338
1316
1305
1399
1499
1224
1311
1452
1225
1385
1593
1597
1272
1067
1302
1572
1563
1335
1591
1519
1433
1541
1441
1388
1241
1520
1598
1344
1384
1474
1346
1444
1326
1400
1364
1151
1267
1322
1098
1587
1594
1505
1323
1687
1370
1626
1515
1295
1164
1038
1145
1225
1111
1222
1315
1150
1171
1213
1156
1216
1251
1330
1203
983
1124
1320
1188
1120
1400
1361
1198
1304
1405
1085
1080
1181
1468
1099
1259
1151
1229
1032
1141
991
1088
989
1148
1134
1087
1323
1420
1318
1113
1233
1161
1381
1212
1398
1090
1251
1243
1300
1206
1308
1381
1254
1235
1327
1169
1219
1377
1312
1230
1144
1153
1209
1220
1196
1461
1200
1200
1403
1452
1149
1133
1193
1438
1212
1240
1280
1164
1285
1482
1174
1142
1069
1111
1204
1091
1294
1358
1173
1022
1449
1253
1427
1387
1382
1209
1287
1205
1318
1150
1309
1371
1260
1178
1218
1190
1246
1353
1391
1207
976
1101
1355
1193
1118
1290
1235
1259
1321
1417
1206
1301
1261
1397
1302
1275
1301
1229
1466
1248
1129
1007
1172
1089
1175
1131
1321
1334
1251
1126
1467
1179
1461
1219
1403
1103
1054
1150
1106
1115
1237
1173
1075
1122
1164
1005
1093
1349
1208
1180
987
959
1332
1253
1242
1216
1175
1092
1190
1246
1199
1097
1306
1263
1015
1222
1184
1024
1287
1177
980
1021
963
941
1082
990
1388
1344
1204
1078
1384
949
1363
1212
1299
1205
1049
1157
1215
1091
1250
1242
1051
1102
1195
1100
1153
1300
1151
1047
998
1053
1245
1218
1187
1288
1165
1231
1150
1366
1082
1048
1090
1410
1200
1239
1239
1216
1152
1056
1133
1030
1092
968
1116
1021
1298
1299
1227
1139
1328
1026
1370
1225
1614
1433
1396
1324
1403
1278
1404
1538
1408
1369
1326
1365
1405
1600
1559
1337
1198
1276
1434
1425
1339
1517
1427
1332
1471
1670
1377
1305
1477
1661
1302
1478
1533
1365
1461
1379
1379
1142
1123
1226
1310
1250
1410
1572
1587
1359
1510
1466
1575
1489
1438
1275
1182
1289
1431
1203
1414
1533
1286
1290
1425
1307
1391
1610
1570
1368
1269
1159
1523
1323
1398
1537
1390
1360
1515
1558
1330
1227
1332
1636
1206
1392
1283
1280
1340
1319
1323
1269
1176
1235
1312
1161
1490
1568
1411
1225
1604
1193
1652
1422
1333
1222
1084
1287
1253
1136
1217
1317
1057
1137
1129
1322
1229
1268
1483
1287
1093
1120
1341
1233
1251
1313
1237
1347
1453
1387
1295
1084
1185
1430
1007
1310
1396
1048
1180
1280
1272
1111
1047
1143
1255
1002
1306
1400
1229
1076
1545
1239
1467
1400
1341
1269
1288
1167
1308
1144
1371
1468
1232
1156
1227
1140
1246
1551
1440
1431
1081
1149
1467
1323
1395
1605
1312
1390
1353
1412
1328
1194
1451
1531
1256
1331
1325
1187
1450
1353
1164
1192
1085
1059
1265
1108
1472
1542
1450
1322
1527
1152
1618
1421
1473
1380
1392
1372
1512
1292
1459
1472
1319
1336
1398
1295
1286
1649
1591
1428
1256
1283
1512
1381
1354
1582
1447
1503
1525
1476
1433
1453
1427
1515
1336
1491
1386
1308
1573
1399
1252
1161
1378
1223
1361
1143
1535
1536
1373
1181
1746
1278
1728
1478
1573
1347
1293
1334
1450
1281
1480
1365
1188
1388
1337
1325
1317
1635
1406
1394
1022
1200
1590
1454
1436
1463
1308
1453
1582
1668
1266
1289
1420
1639
1223
1421
1599
1252
1427
1260
1253
1115
1187
1107
1394
1135
1467
1682
1443
1393
1675
1359
1637
1528
1219
1192
1083
1161
1104
1065
1117
1216
1275
1068
1132
1045
1078
1263
1276
1005
941
909
1033
1165
1101
1181
1049
1117
1149
1376
1002
1039
1091
1418
969
1350
1226
1185
1022
1087
1025
982
930
826
993
1000
1212
1187
1275
1155
1207
1058
1253
1129
1514
1458
1342
1397
1481
1267
1480
1469
1273
1405
1371
1330
1465
1531
1487
1429
1188
1219
1597
1496
1409
1469
1361
1392
1559
1615
1449
1349
1406
1681
1368
1461
1497
1270
1534
1456
1352
1244
1120
1257
1463
1233
1577
1468
1497
1290
1751
1384
1678
1367
1266
1318
1352
1099
1289
1255
1213
1342
1187
1092
1157
1235
1261
1411
1467
1328
922
1042
1382
1209
1239
1354
1208
1269
1352
1475
1218
1095
1297
1290
1206
1175
1390
1215
1361
1249
1065
1106
1078
1122
1351
1119
1264
1440
1412
1213
1384
1058
1333
1083
1348
1212
1080
1040
1122
1115
1156
1306
1210
1169
1161
1082
1086
1297
1339
1197
1015
1049
1215
1256
1133
1230
1186
1111
1257
1332
1154
1136
1322
1234
1010
1288
1248
1224
1178
1148
1053
1047
1073
1056
1127
996
1261
1337
1237
1115
1231
1155
1300
1161
1546
1544
1459
1430
1458
1252
1484
1561
1337
1369
1369
1307
1349
1711
1632
1386
1225
1316
1643
1470
1498
1686
1524
1463
1489
1615
1488
1340
1522
1706
1443
1541
1478
1378
1513
1317
1403
1284
1274
1346
1370
1219
1578
1550
1527
1309
1703
1456
1710
1497
1368
1249
1153
1214
1293
1268
1232
1282
1301
1176
1162
1186
1275
1387
1320
1346
1051
1124
1325
1319
1262
1379
1248
1333
1350
1442
1047
1167
1330
1503
1125
1342
1296
1222
1192
1347
1069
1043
1083
996
1131
1052
1457
1409
1231
1257
1450
1207
1424
1382
1100
1062
1005
1096
1085
956
1134
1231
856
1167
1050
1015
1271
1141
1072
1018
817
905
1163
1104
1019
1250
1275
1079
1131
1214
880
1157
1155
1223
1154
1178
1166
988
1006
993
963
1019
845
1108
1103
1039
1177
1196
1157
984
1297
1004
1317
1053
1586
1300
1273
1334
1308
1406
1256
1449
1335
1258
1231
1200
1348
1531
1569
1337
993
1095
1384
1373
1303
1460
1346
1305
1508
1578
1382
1211
1438
1570
1215
1503
1558
1424
1323
1359
1164
1125
1090
1213
1348
1196
1476
1604
1500
1405
1499
1368
1570
1466
1316
1204
1078
1099
1125
1105
1094
1274
1140
1096
1095
1052
1166
1218
1142
1201
822
1087
1185
1182
1058
1355
1071
1245
1204
1265
1043
1067
1239
1339
1057
1140
1262
1140
1085
1166
1062
1020
1000
1063
1173
981
1316
1328
1235
1131
1258
1039
1343
1265
1568
1396
1250
1409
1366
1308
1438
1422
1214
1458
1336
1346
1293
1483
1530
1463
1196
1346
1471
1452
1464
1597
1499
1432
1472
1565
1342
1243
1443
1543
1335
1478
1531
1338
1231
1487
1150
1275
1214
1248
1443
1161
1548
1656
1395
1290
1643
1350
1518
1311
1185
953
1000
1031
1193
1026
1184
1221
977
1002
995
1088
1231
1148
1277
1060
949
761
1182
1181
1087
1113
1051
1202
1242
1352
1064
1195
1176
1308
1019
1270
1093
982
1184
971
967
783
876
946
1059
933
1215
1296
1151
1177
1292
1157
1386
1200
1712
1606
1604
1590
1523
1416
1650
1752
1661
1529
1607
1475
1580
1734
1761
1472
1313
1453
1633
1674
1566
1834
1621
1593
1652
1748
1494
1483
1719
1750
1603
1693
1735
1488
1617
1670
1519
1446
1451
1483
1431
1441
1782
1641
1690
1364
1764
1575
1729
1588
1325
1184
1089
1060
1286
1118
1242
1263
1092
1184
1196
1055
1272
1305
1282
1170
964
1134
1263
1251
1097
1482
1316
1235
1393
1272
1205
1182
1312
1368
1220
1194
1211
1105
1161
1097
973
985
1050
997
1058
993
1304
1455
1154
1020
1426
1120
1432
1254
1293
1210
1214
1284
1359
1171
1344
1367
1257
1291
1316
1157
1239
1303
1295
1245
1093
1074
1407
1290
1399
1432
1350
1221
1218
1488
1136
1146
1282
1513
1337
1447
1235
1188
1243
1222
1147
1121
1116
1098
1169
1172
1440
1339
1360
1108
1411
1098
1407
1254
1397
1169
1046
1193
1201
1122
1263
1360
1136
1144
1231
1165
1255
1257
1323
1171
1032
1128
1278
1335
1190
1355
1250
1327
1292
1381
1245
1184
1205
1438
1251
1350
1322
1274
1169
1254
1123
1083
1127
1144
1236
1110
1351
1384
1253
1086
1377
1254
1422
1260
1427
1399
1396
1305
1358
1253
1313
1423
1292
1105
1272
1226
1307
1488
1444
1276
1204
1183
1375
1328
1309
1503
1266
1417
1390
1368
1333
1141
1385
1602
1237
1232
1321
1232
1400
1316
1171
1251
1142
1169
1325
1053
1499
1470
1427
1387
1504
1250
1549
1356
1470
1230
1172
1176
1214
1093
1312
1394
1190
1174
1239
1155
1226
1449
1410
1373
930
1126
1384
1334
1303
1508
1314
1284
1442
1427
1280
1220
1495
1442
1156
1294
1361
1234
1201
1169
978
1142
1156
1121
1402
1061
1341
1566
1327
1260
1420
1135
1537
1153
1293
1326
1184
1153
1228
1194
1186
1402
1072
1188
1293
1176
1127
1389
1333
1106
954
998
1291
1334
1254
1432
1176
1320
1368
1421
1255
1181
1337
1456
1276
1383
1288
1255
1180
1061
1086
1094
1118
1197
1309
1057
1449
1399
1286
1185
1451
1232
1454
1166
